#U fC  << this is the unit 
#             eta             phi             dep             det     cap0     cap1     cap2     cap3 widthcap0 widthcap1 widthcap2 widthcap3      DetId
               -1               1               1       CASTOR_EM 12.33181 11.86797 12.01620 12.05846 11.16609 11.18256 11.24236 11.03284   56000001
               -1               1               2       CASTOR_EM  9.61586 11.46677 11.16635 11.29800  7.89176  7.95198  7.92997  7.69942   56000002
               -1               1               3      CASTOR_HAD 10.12698 10.64858 11.01370 10.06159  8.91741  8.93694  8.89194  8.95843   56000003
               -1               1               4      CASTOR_HAD  9.85671  8.80568  9.27136  9.43937 10.99742 10.98154 10.93164 10.88052   56000004
               -1               1               5      CASTOR_HAD 10.61214 10.16678 11.39591 10.94388  7.86131  8.07913  7.95363  7.71720   56000005
               -1               1               6      CASTOR_HAD  8.39058  7.97897  9.06035  8.60360  9.87421  9.74996  9.67595  9.72183   56000006
               -1               1               7      CASTOR_HAD  9.88488 10.32740 10.61448 10.47199  9.95410  9.95788  9.92982  9.70399   56000007
               -1               1               8      CASTOR_HAD 10.51772 10.85964 11.50733 11.58592  8.78104  8.88806  8.85019  8.57497   56000008
               -1               1               9      CASTOR_HAD  9.58231 10.28334 10.61567 10.98139 10.88519 10.93088 10.90356 10.69274   56000009
               -1               1              10      CASTOR_HAD 10.22932 10.13362 10.43412 10.07140  6.68788  6.75098  6.72221  6.58141   5600000A
               -1               1              11      CASTOR_HAD 10.60901 10.22508 10.34669 11.07889  7.58525  7.77877  7.69013  7.43315   5600000B
               -1               1              12      CASTOR_HAD 10.39599 10.54021 10.64567 10.31010  7.59299  7.59701  7.63428  7.48895   5600000C
               -1               1              13      CASTOR_HAD 12.20631 12.98598 12.30999 13.16366  9.40935  9.62584  9.65222  9.55237   5600000D
               -1               1              14      CASTOR_HAD 12.15981 10.51502 10.95415 10.63643  8.24443  8.41492  8.35870  8.21312   5600000E
               -1               2               1       CASTOR_EM 11.47701 12.01274 11.68903 11.90866 11.28737 11.38513 11.32730 11.15405   56000011
               -1               2               2       CASTOR_EM  9.69083  9.59850  9.59388 10.17105  7.09438  7.09863  7.09120  7.06227   56000012
               -1               2               3      CASTOR_HAD 12.01777 10.90908 11.28498 11.78432  6.81134  7.16080  7.13703  6.79048   56000013
               -1               2               4      CASTOR_HAD 11.15862 11.27038 11.39050 11.24186  6.51572  6.80114  6.71811  6.44411   56000014
               -1               2               5      CASTOR_HAD 12.82031 13.03449 13.01013 13.13788 13.48834 13.49860 13.44936 13.39595   56000015
               -1               2               6      CASTOR_HAD 10.03292 10.20546 10.33549 10.41647  9.45215  9.53950  9.44330  9.29071   56000016
               -1               2               7      CASTOR_HAD  9.72577  9.44287  9.85305  9.77745 11.83215 11.78165 11.74178 11.70103   56000017
               -1               2               8      CASTOR_HAD 10.12373 11.07907 11.24323 10.78449  7.82984  7.91434  7.87160  7.64066   56000018
               -1               2               9      CASTOR_HAD 11.60220 10.76988 10.96207 10.65712  7.45264  7.69685  7.67068  7.49319   56000019
               -1               2              10      CASTOR_HAD 10.31236 10.14042 11.36470 11.02781  7.59655  7.66401  7.48637  7.41904   5600001A
               -1               2              11      CASTOR_HAD 10.26597 10.19720 10.72669 10.04290  6.78490  6.88667  6.89091  6.73662   5600001B
               -1               2              12      CASTOR_HAD 11.93177 11.49957 12.33095 11.80009  7.52788  7.74500  7.70540  7.43993   5600001C
               -1               2              13      CASTOR_HAD  9.71056 10.05099  9.40981 10.24147  7.71827  7.73327  7.68839  7.48074   5600001D
               -1               2              14      CASTOR_HAD 10.19876  9.59081  9.96205  9.88172  8.36124  8.37690  8.37670  8.25397   5600001E
               -1               3               1       CASTOR_EM 11.18576 11.13207 11.44245 10.80590 11.87792 11.78065 11.55998 11.50687   56000021
               -1               3               2       CASTOR_EM 10.28093 11.44402 11.25586 11.19766  8.03447  7.79688  7.51318  7.69585   56000022
               -1               3               3      CASTOR_HAD  9.46587 10.02626  9.40735  9.77107 10.18862 10.12482 10.07426 10.08904   56000023
               -1               3               4      CASTOR_HAD 10.45657 10.50485 10.80461 11.77231  8.98905  8.74007  8.50211  8.40736   56000024
               -1               3               5      CASTOR_HAD 10.93443  9.91836 10.49671 10.37073 13.38646 13.23656 13.05472 13.12261   56000025
               -1               3               6      CASTOR_HAD 10.34047 10.46239 10.20156 10.25694  9.57803  9.47511  9.42089  9.42671   56000026
               -1               3               7      CASTOR_HAD  9.83283 10.36873 10.50119 10.28232  7.94329  8.04928  8.00051  7.84085   56000027
               -1               3               8      CASTOR_HAD 11.50000 11.73738 12.24457 12.21097 92.05598 92.99998 94.34717 93.61981   56000028
               -1               3               9      CASTOR_HAD 10.64545 11.19444 11.02165 11.55285  7.61483  7.79672  7.76665  7.42737   56000029
               -1               3              10      CASTOR_HAD 10.77079 10.98395 11.25553 11.82642  6.56046  6.48782  6.08978  6.06393   5600002A
               -1               3              11      CASTOR_HAD 12.60120 12.48683 12.78697 12.46570  8.17552  8.07947  7.81595  7.79660   5600002B
               -1               3              12      CASTOR_HAD 13.55659  8.92661 11.30230 11.11811  7.32207  7.29214  7.00616  7.02084   5600002C
               -1               3              13      CASTOR_HAD 12.24685 11.01587 11.66274 11.18602  7.17059  7.46323  7.34901  7.21158   5600002D
               -1               3              14      CASTOR_HAD 10.42000 10.09882 10.67724 11.25181  6.27265  6.32351  6.40234  6.14420   5600002E
               -1               4               1       CASTOR_EM 11.70825 11.64271 11.58996 11.51631 10.25876 10.54616 10.51578 10.23479   56000031
               -1               4               2       CASTOR_EM 11.38644 10.91980 11.25140 10.84000  6.78825  7.01089  7.05949  6.70473   56000032
               -1               4               3      CASTOR_HAD 11.10548 10.10387 10.02649 11.26182  9.75714  9.87863  9.89024  9.60870   56000033
               -1               4               4      CASTOR_HAD 11.51052 10.94904 11.49815 12.28834  7.75874  7.97875  7.92676  7.71194   56000034
               -1               4               5      CASTOR_HAD  9.84544 10.89954 11.42643 11.02082  9.97560 10.01464 10.06940  9.83303   56000035
               -1               4               6      CASTOR_HAD 10.58865 10.48489 11.03680  9.94947  7.68990  7.83891  7.82856  7.69136   56000036
               -1               4               7      CASTOR_HAD 10.60561 10.91005 10.33518 11.61474  9.78389  9.79823  9.59254  9.44682   56000037
               -1               4               8      CASTOR_HAD  9.43888 10.22973  9.90320  9.94880  7.09529  6.99085  6.97313  6.94032   56000038
               -1               4               9      CASTOR_HAD 12.11728 12.93893 12.88820 12.16167  7.15695  6.93073  6.79167  6.77644   56000039
               -1               4              10      CASTOR_HAD 12.96594 12.54176 12.90029 12.56008  7.30840  7.29918  7.12207  7.07265   5600003A
               -1               4              11      CASTOR_HAD 11.18771 11.12959 11.90466 11.12352  7.97711  7.94849  7.65868  7.69173   5600003B
               -1               4              12      CASTOR_HAD 10.42844 10.61749 10.53298 10.25544  7.54491  7.50600  7.29008  7.35205   5600003C
               -1               4              13      CASTOR_HAD  9.42705  9.09172 10.53832  9.27702 10.52903 10.45560 10.44731 10.49760   5600003D
               -1               4              14      CASTOR_HAD  9.97034 10.20180 11.01244 10.41955  7.12769  7.21353  7.12966  6.92658   5600003E
               -1               5               1       CASTOR_EM 10.55465 10.73878 11.25410 10.87223  7.78596  7.78683  7.68479  7.48947   56000041
               -1               5               2       CASTOR_EM 10.16198  9.84475 10.31601 10.13246  8.17197  8.22211  8.20885  8.01413   56000042
               -1               5               3      CASTOR_HAD 11.36575 11.04239 11.55462 11.65665  7.81938  8.07401  8.03104  7.73569   56000043
               -1               5               4      CASTOR_HAD 10.98472 10.74796 10.89246 10.82094  7.11725  7.32253  7.31793  7.01970   56000044
               -1               5               5      CASTOR_HAD  9.85624 10.24561 11.67589  9.53634  8.32188  8.23840  8.03909  8.32847   56000045
               -1               5               6      CASTOR_HAD 10.33513 10.25972  9.43519 10.66665  9.86375  9.82946  9.85002  9.61102   56000046
               -1               5               7      CASTOR_HAD  9.98825 10.17073 11.24741 10.44144  9.09412  9.18857  9.06512  9.00741   56000047
               -1               5               8      CASTOR_HAD 10.40962 10.21517 10.19446 10.00784  8.75132  8.96727  8.92819  8.85384   56000048
               -1               5               9      CASTOR_HAD  9.67486 11.03783 11.01709 11.32799  8.54312  8.48664  8.45422  8.12549   56000049
               -1               5              10      CASTOR_HAD 11.34317 11.72157 11.56058 12.50899  6.87874  7.03874  7.02417  6.73724   5600004A
               -1               5              11      CASTOR_HAD 11.74599 11.41595 11.11947 11.39927  9.42976  9.59779  9.67372  9.41734   5600004B
               -1               5              12      CASTOR_HAD  9.83627 10.02498 10.34058 10.34198  7.79096  7.86707  7.84403  7.65283   5600004C
               -1               5              13      CASTOR_HAD 10.39515 10.79137 10.31346 11.03872  7.74721  7.67297  7.47736  7.39821   5600004D
               -1               5              14      CASTOR_HAD 10.86525 11.13186 10.60499 10.43787  8.16982  8.33720  8.32627  8.16830   5600004E
               -1               6               1       CASTOR_EM 11.62641 10.72230 11.35628 11.45068  8.89995  8.86355  8.60005  8.57408   56000051
               -1               6               2       CASTOR_EM 11.22059 10.91522 11.25047 11.40399  7.84013  7.75942  7.42898  7.42773   56000052
               -1               6               3      CASTOR_HAD 10.80246 10.84815 10.82953 10.79828  7.75827  7.60600  7.39316  7.35071   56000053
               -1               6               4      CASTOR_HAD 13.54173 13.18229 13.56359 12.91939  6.53346  6.51979  6.45561  6.43924   56000054
               -1               6               5      CASTOR_HAD 11.49937 10.83274 11.31762 10.94325  8.12842  8.34637  8.25037  8.05776   56000055
               -1               6               6      CASTOR_HAD 11.12830 12.32677 11.54622 10.43691  8.49657  8.67929  8.65736  8.58418   56000056
               -1               6               7      CASTOR_HAD 10.74317 11.07753 11.59538 10.79102  8.89444  9.02892  8.97284  8.74567   56000057
               -1               6               8      CASTOR_HAD 11.20233 10.60503 10.96697 10.19488  7.79276  7.96495  7.97187  7.80672   56000058
               -1               6               9      CASTOR_HAD  9.65169 11.33141 11.29526 12.25580  8.04809  7.98592  7.94392  7.71651   56000059
               -1               6              10      CASTOR_HAD 10.07703 10.51360 10.95869 11.39572  7.03849  7.13897  7.08863  6.72745   5600005A
               -1               6              11      CASTOR_HAD  9.61920 10.15862 10.28774  9.72147  6.60246  6.60989  6.60036  6.50965   5600005B
               -1               6              12      CASTOR_HAD  9.04017 10.86791 12.79587 12.19082  6.74832  6.76083  6.76926  6.52556   5600005C
               -1               6              13      CASTOR_HAD 10.31863  9.80396 11.19420 11.57011  7.12731  7.09912  6.66576  6.62732   5600005D
               -1               6              14      CASTOR_HAD 10.38552 10.91353  9.63551  9.99289  7.35318  7.42516  7.44469  7.34132   5600005E
               -1               7               1       CASTOR_EM 10.44041 10.14300 10.11801 10.05674  7.34008  7.28908  7.10170  7.16032   56000061
               -1               7               2       CASTOR_EM 11.44007 12.71908 12.29323 12.47571 16.80244 16.72531 16.67363 16.65891   56000062
               -1               7               3      CASTOR_HAD 10.54410 11.05953 11.26614 10.81956  7.30462  7.24433  6.92664  6.96687   56000063
               -1               7               4      CASTOR_HAD 11.85646 11.11457 11.79795 11.75699  8.10930  8.07378  7.74886  7.72513   56000064
               -1               7               5      CASTOR_HAD  9.64910  9.34985  8.99310  9.80908  6.86316  6.69698  6.70509  6.66245   56000065
               -1               7               6      CASTOR_HAD 10.33873 10.65980 11.04427 11.04441  6.70432  6.67097  6.39718  6.40980   56000066
               -1               7               7      CASTOR_HAD  9.80631  9.44600  9.97494  9.67362 10.44643 10.28121 10.16534 10.25961   56000067
               -1               7               8      CASTOR_HAD 10.65911 10.60591 11.27809 11.89518  6.91458  6.83185  6.47437  6.44437   56000068
               -1               7               9      CASTOR_HAD 11.64374 11.89307 12.59513 11.68012  8.81252  8.67235  8.42741  8.41736   56000069
               -1               7              10      CASTOR_HAD 10.37674  9.74307 11.97728 10.53358  8.65923  8.52151  8.20381  8.42116   5600006A
               -1               7              11      CASTOR_HAD 12.14317  9.73679 10.95362 11.07796  7.32877  7.34222  7.08824  7.08177   5600006B
               -1               7              12      CASTOR_HAD 10.32420 10.23589 10.17022 10.74650  8.32656  8.27831  8.17419  8.06159   5600006C
               -1               7              13      CASTOR_HAD 11.39990 10.88084 11.20385 10.70853 19.98203 19.97168 19.90025 19.82252   5600006D
               -1               7              14      CASTOR_HAD 10.30469 10.24907 10.43722 10.83014  7.84306  7.94087  7.87186  7.60693   5600006E
               -1               8               1       CASTOR_EM 10.61977 10.76774 10.51478  9.94387  7.68929  7.64231  7.46223  7.57332   56000071
               -1               8               2       CASTOR_EM 10.23149 10.00110 10.29999 10.87934  6.98647  6.97373  6.81429  6.62708   56000072
               -1               8               3      CASTOR_HAD 10.98582 11.58962 11.75485 12.23932  7.69131  7.51125  7.16238  7.14146   56000073
               -1               8               4      CASTOR_HAD  9.93840  9.06256 10.79266 10.67470  8.34599  8.29791  8.01180  8.02914   56000074
               -1               8               5      CASTOR_HAD 10.45469  8.75683 10.38693  9.17195  7.55721  7.60410  7.33382  7.48849   56000075
               -1               8               6      CASTOR_HAD 10.23586 11.02164 10.61696 11.47852  6.92288  6.79642  6.60716  6.36719   56000076
               -1               8               7      CASTOR_HAD 10.63310 11.58773 11.53848 11.54971  7.93138  7.76279  7.46536  7.51471   56000077
               -1               8               8      CASTOR_HAD 28.00906 28.03513 28.43743 27.74756 1695.01904 1677.07971 1678.58801 1644.69653   56000078
               -1               8               9      CASTOR_HAD 10.80317 11.18682 10.83571 11.63156  8.30583  8.26128  8.01960  7.94896   56000079
               -1               8              10      CASTOR_HAD 11.09135 12.24637 10.40122 11.30535  9.58149  9.42543  9.49635  9.24394   5600007A
               -1               8              11      CASTOR_HAD 11.04368 11.28957 11.02200 10.86315  7.64031  7.52579  7.31680  7.30124   5600007B
               -1               8              12      CASTOR_HAD 11.13044 10.83321 11.31625 11.56117  7.06044  7.06126  6.67459  6.64554   5600007C
               -1               8              13      CASTOR_HAD 10.91723  9.94996 10.69744 10.99371  6.70770  7.03646  6.96309  6.66259   5600007D
               -1               8              14      CASTOR_HAD 12.28797 11.22616 12.21827 11.68331  7.23302  7.42425  6.88667  6.89349   5600007E
               -1               9               1       CASTOR_EM  9.27115 10.16044  8.57364  9.95520  6.74707  6.89006  6.63535  6.65084   56000081
               -1               9               2       CASTOR_EM  9.82276 10.14563  9.96731 10.49275  6.65616  6.54327  6.44059  6.33414   56000082
               -1               9               3      CASTOR_HAD 10.49536 10.29282 10.85699 11.38916  6.94615  6.86421  6.57075  6.45503   56000083
               -1               9               4      CASTOR_HAD 10.34843  9.32228 10.21703  9.65046  8.24137  8.33827  8.36509  8.31190   56000084
               -1               9               5      CASTOR_HAD 10.87519 10.79507 11.13918 11.37142  6.85778  7.05846  7.04696  6.76691   56000085
               -1               9               6      CASTOR_HAD 10.73252 10.56923 11.30098 11.24654  6.67632  6.85416  6.76101  6.44031   56000086
               -1               9               7      CASTOR_HAD  9.52162 11.82931 11.45799 11.58065  7.02304  6.97832  6.98764  6.72055   56000087
               -1               9               8      CASTOR_HAD 10.49079 10.12332 10.44398 11.06517  8.26641  8.38541  8.35245  8.05394   56000088
               -1               9               9      CASTOR_HAD 10.16779 10.06411 10.00165  9.93183  6.62180  6.70155  6.73368  6.61968   56000089
               -1               9              10      CASTOR_HAD  9.10618  9.46623  9.83558 10.58296  8.73872  8.67170  8.60010  8.45406   5600008A
               -1               9              11      CASTOR_HAD 10.11662  9.92786 10.42596 10.47324  8.14072  8.21992  8.18050  7.97713   5600008B
               -1               9              12      CASTOR_HAD 11.58867 10.88460 11.46911 11.68790  8.84895  9.10218  9.05447  8.76700   5600008C
               -1               9              13      CASTOR_HAD  9.71595 12.30454 11.60398 11.55005  6.75632  6.51686  6.63454  6.33784   5600008D
               -1               9              14      CASTOR_HAD 10.36206 11.76649 11.39224 11.31895  9.76556  9.58224  9.41206  9.54747   5600008E
               -1              10               1       CASTOR_EM 10.52188 11.15564 11.32434 11.58286  7.00428  6.92339  6.54526  6.57367   56000091
               -1              10               2       CASTOR_EM 10.96759 11.15235 10.95042 11.18755  8.28872  7.07425  6.77196  6.74206   56000092
               -1              10               3      CASTOR_HAD 12.07453 12.31347 13.23917 11.57858  7.54733  7.48778  7.37051  7.16817   56000093
               -1              10               4      CASTOR_HAD  9.82967  9.85881 10.52462 10.49579  7.39360  7.32387  7.10806  7.14242   56000094
               -1              10               5      CASTOR_HAD 11.58724 11.26535 11.73348 11.37764  6.57320  6.55018  6.21970  6.28024   56000095
               -1              10               6      CASTOR_HAD 10.68537 10.51121 11.00149 11.10507  6.73002  6.68580  6.36435  6.37709   56000096
               -1              10               7      CASTOR_HAD 10.40514 10.40234 10.20955 10.38652  7.27396  7.35728  7.32207  7.15446   56000097
               -1              10               8      CASTOR_HAD 10.75662 10.27028 12.13904 10.01472  7.15984  7.33599  7.20056  7.20113   56000098
               -1              10               9      CASTOR_HAD 10.64714 10.22845 10.61320 10.15794  8.94665  9.08443  9.06715  8.93845   56000099
               -1              10              10      CASTOR_HAD  9.78321 10.93025 10.67927 10.32706  7.41830  7.34102  7.08127  7.17921   5600009A
               -1              10              11      CASTOR_HAD 10.42458 11.62604 11.59738 10.88575  7.73296  7.55215  7.23174  7.33717   5600009B
               -1              10              12      CASTOR_HAD 10.69048 10.15185 11.57489 11.70075  7.98490  7.86687  7.57967  7.61240   5600009C
               -1              10              13      CASTOR_HAD 12.09771 11.18087 11.71367 11.76286  9.65468  9.56133  9.33559  9.28412   5600009D
               -1              10              14      CASTOR_HAD 11.46465 11.31037 11.57255 11.88208 12.87209 12.81919 12.41829 12.51477   5600009E
               -1              11               1       CASTOR_EM 11.11422 11.20965 11.18738 10.86986 10.14672 10.06269  9.78186  9.86432   560000A1
               -1              11               2       CASTOR_EM 10.19572 10.56626 10.39180 10.51634  7.97073  7.80743  7.63262  7.66866   560000A2
               -1              11               3      CASTOR_HAD  9.11409  9.89861  9.85116 10.49397 10.18442 10.01605  9.93211  9.85817   560000A3
               -1              11               4      CASTOR_HAD 11.41303 10.99342 11.94943  9.62376  7.87050  7.89885  7.50931  7.92442   560000A4
               -1              11               5      CASTOR_HAD 11.44865 10.82462 11.83736 11.88443  8.07985  8.03468  7.53304  7.58835   560000A5
               -1              11               6      CASTOR_HAD  9.80973 10.24218  9.43522  9.88652  6.94783  6.91983  6.87845  6.79028   560000A6
               -1              11               7      CASTOR_HAD 11.98952 11.89866 12.36627 12.66185  7.50175  7.49559  7.17705  7.23695   560000A7
               -1              11               8      CASTOR_HAD 10.33669  9.86278 10.18682 10.23921  9.61450  9.61776  9.45758  9.41389   560000A8
               -1              11               9      CASTOR_HAD 11.38993 10.95147 11.63550 11.25683  8.49937  8.43338  8.18521  8.18124   560000A9
               -1              11              10      CASTOR_HAD 11.03987 10.62811 10.63792 10.44744  6.48079  6.50965  6.28412  6.32233   560000AA
               -1              11              11      CASTOR_HAD 11.04691 11.80035 11.72947 11.74720  7.38753  7.23160  6.92838  6.99107   560000AB
               -1              11              12      CASTOR_HAD 11.46621 10.89883 11.46379 11.40588  8.21558  8.22113  7.82570  7.89148   560000AC
               -1              11              13      CASTOR_HAD 11.14541 11.33133 11.01880 10.73720  8.83910  9.01543  9.02124  8.78492   560000AD
               -1              11              14      CASTOR_HAD 10.70996 10.59949 10.05157  9.79620  7.87167  8.05097  7.98687  7.97478   560000AE
               -1              12               1       CASTOR_EM  9.80925 11.44703 11.08275 10.82526  8.22241  8.21298  7.96615  7.98116   560000B1
               -1              12               2       CASTOR_EM 11.59918 11.24366 11.54772 11.90424  7.49707  7.46487  7.14209  7.10109   560000B2
               -1              12               3      CASTOR_HAD  9.60991 10.87918 11.13612 11.37479  7.23862  7.13827  6.79274  6.69043   560000B3
               -1              12               4      CASTOR_HAD 11.68552 11.78757 12.09861 11.44908  8.29613  8.19269  7.91359  8.00754   560000B4
               -1              12               5      CASTOR_HAD 11.45507 11.08404 11.53411 11.76916  6.96420  6.92763  6.56535  6.53432   560000B5
               -1              12               6      CASTOR_HAD 10.61058 10.41230 10.78840 10.60323  8.40586  8.34626  8.00693  8.10587   560000B6
               -1              12               7      CASTOR_HAD  9.86636 10.86741 11.40786 11.25952 10.29488 10.14572  9.73296  9.78847   560000B7
               -1              12               8      CASTOR_HAD 10.47774 10.27624 11.32581 10.95669  8.48226  8.42928  8.03192  8.06669   560000B8
               -1              12               9      CASTOR_HAD  9.76030 10.09343 10.80293 10.59543  7.56454  7.58671  7.33780  7.34174   560000B9
               -1              12              10      CASTOR_HAD 12.00336 11.01925 11.97114 11.59674  7.34734  7.35992  6.97287  7.07823   560000BA
               -1              12              11      CASTOR_HAD 10.17780 10.54206 10.43221 11.01932  6.79164  6.67454  6.52956  6.38887   560000BB
               -1              12              12      CASTOR_HAD 11.30059 10.84420 10.83368 11.37318  7.57062  7.50207  7.34376  7.22345   560000BC
               -1              12              13      CASTOR_HAD  9.28645 10.18323 10.46053 10.18729  9.04366  8.96778  8.91485  8.85531   560000BD
               -1              12              14      CASTOR_HAD 10.84137 10.56089 10.44502 10.02125  5.67646  5.92103  5.90290  5.74119   560000BE
               -1              13               1       CASTOR_EM 11.78751 10.38695 12.11637 11.62672  9.26495  9.51257  9.48965  9.31027   560000C1
               -1              13               2       CASTOR_EM 11.97387 11.17166 11.13857 11.25191  7.13829  7.32869  7.42973  7.11543   560000C2
               -1              13               3      CASTOR_HAD 11.29676 11.32272 11.81313 11.63146  7.85541  8.02982  7.82794  7.60170   560000C3
               -1              13               4      CASTOR_HAD 10.71485 10.55492 11.46679 11.15326  7.05713  7.27694  7.24945  6.99168   560000C4
               -1              13               5      CASTOR_HAD 11.33854 10.84852 11.23437 11.43280  6.56700  6.92197  6.82737  6.53766   560000C5
               -1              13               6      CASTOR_HAD 10.79747 10.69626 10.98219 10.72558  8.49839  8.59293  8.59265  8.42269   560000C6
               -1              13               7      CASTOR_HAD 10.79807  9.69581 10.74597 10.59550  6.56422  6.79607  6.76921  6.56956   560000C7
               -1              13               8      CASTOR_HAD 10.09455  9.67617 11.18874 10.50324  8.41296  8.36069  8.33818  8.21426   560000C8
               -1              13               9      CASTOR_HAD  9.56559 10.35761  9.46623 10.27354  7.02856  7.03769  6.97933  6.85700   560000C9
               -1              13              10      CASTOR_HAD 10.78407 10.55984 10.93414 10.97696  7.85909  8.05765  7.98367  7.77812   560000CA
               -1              13              11      CASTOR_HAD 11.15860 11.29045 11.27220 11.50882 10.32033 10.36190 10.33498 10.16429   560000CB
               -1              13              12      CASTOR_HAD 10.14527 11.44164 10.76933 11.07773  6.67985  6.65900  6.66303  6.36296   560000CC
               -1              13              13      CASTOR_HAD 10.61581  9.47934 10.07762 10.31268  6.38248  6.52734  6.52413  6.41658   560000CD
               -1              13              14      CASTOR_HAD 10.51810 10.92489 11.33002 11.68418  6.65852  6.64991  6.30573  6.31041   560000CE
               -1              14               1       CASTOR_EM 10.49966 10.98007 10.29923 10.99384  8.46947  8.39212  8.26455  8.18434   560000D1
               -1              14               2       CASTOR_EM 11.71372 11.90909 12.52241 12.22129  7.61714  7.41537  7.15407  7.14536   560000D2
               -1              14               3      CASTOR_HAD 10.34175 10.62893 10.31330 10.64098  7.29137  7.18089  7.07079  6.97038   560000D3
               -1              14               4      CASTOR_HAD 10.07066  9.76268  9.29211 10.79244  7.55828  7.42463  7.48922  7.28416   560000D4
               -1              14               5      CASTOR_HAD 10.07348 10.45415 11.27044 11.46317  7.42066  7.31912  7.08535  7.05667   560000D5
               -1              14               6      CASTOR_HAD  9.70730  9.12624  9.56382  9.94605  7.31322  7.27049  7.18629  7.13894   560000D6
               -1              14               7      CASTOR_HAD 12.16438 12.11161 12.22293 11.81430  8.64366  8.88350  8.77513  8.51012   560000D7
               -1              14               8      CASTOR_HAD 11.59111 11.41781 10.52765 11.04184  8.46878  8.63776  8.73527  8.48717   560000D8
               -1              14               9      CASTOR_HAD 10.57388 10.12832 10.99612 10.69865  7.64006  7.78225  7.76800  7.56187   560000D9
               -1              14              10      CASTOR_HAD 10.09393  9.25112  9.83562  9.14402  6.93919  6.99982  6.98452  6.96529   560000DA
               -1              14              11      CASTOR_HAD  9.38453 10.00764  9.67696  9.85131  7.06925  7.11285  6.99927  6.98686   560000DB
               -1              14              12      CASTOR_HAD 11.21757  8.88702 10.09321  9.92689  7.06519  7.17206  7.24814  7.16157   560000DC
               -1              14              13      CASTOR_HAD 11.23971 10.18100 11.01056 11.09232 19.24654 18.87373 18.66975 18.60314   560000DD
               -1              14              14      CASTOR_HAD  9.68052 10.03692 11.01322 10.94395  8.50572  8.41521  8.20654  8.21976   560000DE
               -1              15               1       CASTOR_EM 11.59916 10.91712 11.99980 12.13936  7.78665  7.79663  7.46407  7.47041   560000E1
               -1              15               2       CASTOR_EM 12.07576 11.07780 11.05011 11.78340 10.96599 10.96951 10.75566 10.72084   560000E2
               -1              15               3      CASTOR_HAD 11.44485 12.14440 11.67592 12.78781  9.87782  9.83202  9.57668  9.61717   560000E3
               -1              15               4      CASTOR_HAD 11.30010 11.18152 11.78449 10.92550  7.66629  7.54868  7.21881  7.34444   560000E4
               -1              15               5      CASTOR_HAD 10.10774 10.28092 10.29750 10.88630  6.90760  6.84924  6.83340  6.58279   560000E5
               -1              15               6      CASTOR_HAD 11.28275 10.90799 11.62985 10.52266  7.44804  7.38518  6.95357  7.20415   560000E6
               -1              15               7      CASTOR_HAD 12.50667 11.35431 12.21503 12.82262  8.27065  8.32851  7.98988  7.96274   560000E7
               -1              15               8      CASTOR_HAD  9.95748 10.36944 10.33395 10.74186  6.33317  6.24986  6.05956  5.94812   560000E8
               -1              15               9      CASTOR_HAD 10.33933 11.02840 10.36304 11.38607  6.91526  6.86879  6.73192  6.55205   560000E9
               -1              15              10      CASTOR_HAD  8.57926  9.09205  8.93812  8.99094 13.79384 13.84032 13.75506 13.70113   560000EA
               -1              15              11      CASTOR_HAD 10.52884 10.61654 11.09624 10.73411  7.79179  7.71991  7.41790  7.51455   560000EB
               -1              15              12      CASTOR_HAD 10.92868 10.94883 10.98418 11.20897  8.50342  8.38418  8.09415  8.10732   560000EC
               -1              15              13      CASTOR_HAD 11.81088 11.69097 12.68387 12.87357  8.60013  8.48845  8.21805  8.26178   560000ED
               -1              15              14      CASTOR_HAD 11.87542 11.50690 11.90558 11.77435  7.05118  7.03970  6.68292  6.66809   560000EE
               -1              16               1       CASTOR_EM  9.98436  9.69002 10.08451 10.08208  9.33704  9.33078  9.13216  9.25367   560000F1
               -1              16               2       CASTOR_EM 10.53045 10.01787 10.61689 11.10903  8.52189  8.44928  8.24636  8.14513   560000F2
               -1              16               3      CASTOR_HAD 11.08495 11.12428 11.15134 10.57481  7.38966  7.28417  7.03921  7.10956   560000F3
               -1              16               4      CASTOR_HAD  9.11638 10.42949 10.35285  9.70671  7.69262  7.72197  7.53082  7.62271   560000F4
               -1              16               5      CASTOR_HAD 11.40409 10.67644  9.73566 10.98326  7.27141  7.23418  7.14288  6.92094   560000F5
               -1              16               6      CASTOR_HAD 11.56943 12.32973 11.58187 12.89984 66.57695 64.55602 63.88834 66.87479   560000F6
               -1              16               7      CASTOR_HAD 13.52149 11.92685 12.95815 12.67367  6.74913  6.87984  6.62064  6.66302   560000F7
               -1              16               8      CASTOR_HAD 11.27378 11.72233 11.65082 11.96255  7.06420  6.94565  6.61198  6.60254   560000F8
               -1              16               9      CASTOR_HAD 10.53153 11.80631 10.21231 11.04632  6.77559  6.94162  6.60439  6.44848   560000F9
               -1              16              10      CASTOR_HAD 10.71165 11.22045 10.65927 11.90810  6.87682  6.84882  6.59552  6.43167   560000FA
               -1              16              11      CASTOR_HAD 10.26547 10.12865 10.77100 11.08869  8.71587  8.64381  8.44331  8.35597   560000FB
               -1              16              12      CASTOR_HAD 10.03805 10.86592 10.28527 10.81657  8.58955  8.38964  8.33942  8.18317   560000FC
               -1              16              13      CASTOR_HAD 10.20145 10.99525 10.92757  9.99901  8.24076  8.30341  8.30645  8.15898   560000FD
               -1              16              14      CASTOR_HAD 11.92284 11.52762 11.95476 11.61334  8.43875  8.42249  8.07385  8.10878   560000FE
